Results for CAR_Rituximab.png: 
UNFIT SIMULATION 
     SSE = 2.359 
     Rsq = -0.509 
     KLd = 0.766 
 
Results for CAR_Rituximab.png: 
FITTED SIMULATION 
     SSE = 0.212 
     Rsq = -0.216 
     KLd = 0.037 
 
Fit = [0.2423369  0.10049021 9.35132285 2.23674017 7.82230986]
Error = [  1.10996863   4.0846674  370.70732205 104.29671541 158.71196818]
