Results for SN_Herceptin.png: 
UNFIT SIMULATION 
     SSE = 1.392 
     Rsq = 0.011 
     KLd = 0.418 
 
Results for SN_Herceptin.png: 
FITTED SIMULATION 
     SSE = 0.021 
     Rsq = -0.039 
     KLd = 0.013 
 
Fit = [0.27503891 3.19130831 0.1271581  3.64741726 6.14429726]
Error = [ 0.21511801  6.10323786 28.87981337 11.79207183  2.0809471 ]
