Results for SN_Rituximab.png: 
UNFIT SIMULATION 
     SSE = 2.513 
     Rsq = 0.061 
     KLd = 1.155 
 
Results for SN_Rituximab.png: 
FITTED SIMULATION 
     SSE = 0.016 
     Rsq = 0.060 
     KLd = 0.010 
 
Fit = [0.10000222 0.26368609 4.63412524 9.99623669 9.96457636]
Error = [  3.25451221   3.51433212  41.87445678 496.71676096 258.77491718]
