Results for Figures/CAR_FMC63.png: 
UNFIT SIMULATION 
     SSE = 0.611 
     Rsq = -0.260 
     KLd = 0.155 
 
Results for Figures/CAR_FMC63.png: 
FITTED SIMULATION 
     SSE = 0.024 
     Rsq = 0.017 
     KLd = 0.002 
 
Fit = [0.93642479 0.26724364 3.97979971 0.6774458  1.45087706]
Error = [0.26364253 0.14918227 0.85700186 1.75219447 2.9148964 ]
