Results for Figures/SN_Cetuximab.png: 
UNFIT SIMULATION 
     SSE = 0.731 
     Rsq = 0.069 
     KLd = 0.204 
 
Results for Figures/SN_Cetuximab.png: 
FITTED SIMULATION 
     SSE = 0.523 
     Rsq = 0.067 
     KLd = 0.145 
 
Fit = [0.83254025 1.03964563 0.92662812 0.95623873 1.44695693]
Error = [0.9318307  1.40321397 2.2360396  1.55506014 1.97875857]
