Results for Figures/SN_FMC63.png: 
UNFIT SIMULATION 
     SSE = 0.201 
     Rsq = 0.130 
     KLd = 0.080 
 
Results for Figures/SN_FMC63.png: 
FITTED SIMULATION 
     SSE = 0.029 
     Rsq = 0.167 
     KLd = 0.025 
 
Fit = [0.68238094 0.62961634 1.28322656 2.82903092 1.46892913]
Error = [ 1.79988246  3.00495167  7.93865137 14.34179023 20.32484433]
